Cathy Guitar
Highschool
Capo 4

Part 1
e
b
g   0  0  0  0  0  0  0  0 0 0 0 0 0 0 0 0
d 11 11 11 11 13 13 14 14 6 6 6 6 8 8 9 9 
a
E

Part 2
e
b
g 0 0 0 0 0 0 0 0 0 0 0 0 0 0 0 0  0  0  0  0  0  0  0  0  0  0  0  0  0  0  0  0
d 9 9 9 9 9 9 9 9 6 6 6 9 9 9 9 9 11 11 11 13 13 13 11 11 16 16 16 14 14 14 13 13
a
E

Part 3
e
b
g 11 11 11 11 11 11 11 11 9 9 9 8 8 8 8 8 6 6 6 8 8 8 8 8 13 13 13 11 11 11  0  0
d 9  9  9  9  9  9  9  9  8 8 8 8 8 8 8 8 6 6 6 6 6 6 6 6 11 11 11 11 11 11 13 13 
a
E

Part 4
e
b
g   0    0   0   0   0    0     0     0
d 13 13 9 9 6 6 8 8 9 9 11 11 16 16 14 14
a
E

