It it's bad news, it can wait
Cathy
Capo 2

Part 1
e
b                       0  0  0  0
g   0    0    0    0   0  0  0  0
d 11 11 9 9 11 11 9 9 4  4  4  6  
a
E

Part 2
e
b                       0  0  0  0
g   0    0    0    0   0  0  0  0
d 11 11 9 9 14 14 9 9 4  4  4  6
a
E

Part 3
e
b
g                0   0                 0       0
d 7 14 12 7p6p0 4 4 6 6 7 14 12 7p6p0 9 11 11 6 7
a
E

Part 4
e
b
g 0  0  0  0 0  0 0 0 0  0  0  0 0  0 0 0
d 9 14 12 11 9 11 9 7 9 14 12 11 9 11 6 7
a
E

Part 5
e
b
g  0   0    0     0     0     0     0    0   0   0      0     0     0     0     0     0   
d 7 7 9 9 9 11 11 11 11 14 14 12 12 11 11 6 6 7 7 9 9 11 11 11 11 16 16 14 14 12 12 11 11
a
E


