Hour of Pearl
Cathy
Capo 2

e                                   last time
b              
g   14   14   9  9  6  0  0  0                 0  0  0  0  0  0  0  0  0  0  0  0  0  0  0  0  0  0 
d 14   12   11  9  7  6  7  0                 11 11 11 11 11 11 14 14 14 14 14 14 11 11 11 11 11 11
a
E

e
b
g 16 16 16 16 16 16 18 18 18 18 18 18  9
d 16 16 16 16 16 16 18 18 18 18 18 18 11
a
E

e
b
g 16 16 16 18p16 16 16 16 16 18p16 16 16 16   9  9  9  9  9  9 7 7 7 7 7 7 6 6 6 6 6 6
d 18 18 18 18    18 18 18 18 18    18 18 18  11 11 11 11 11 11 9 9 9 9 9 9 7 7 7 7 7 7 
a
E
