Power of Failing
Cathy
Standard

Part 1
e
b
g  12 12 11 9\7  4 4 2 2 0
d 0  0  0       0 0 0   0 4
a
E

Part 2
e
b  0  0  0  0  0  0  0  0  0 0 0 0 0 0 0 0 0 0 0 0 0  0  0  0  0  0  0  0  0  0  0  0  0 0 0 0 0 0 0 0 0 0 0 0 0 0 0 0
g 12 12 12 12 12 12 14 14 14 9 9 9 7 7 7 7 7 7 9 9 9 11 11 11 12 12 12 12 12 12 14 14 14 9 9 9 7 7 7 7 7 7 7 7 7 7 7 7 
d
a
E

Part 1

Part 3
e
b
g 9 14 7 4 7 9 12 7
d 
a 7 12 5 2 5 7 10 5
E


Part 4
e
b
g  0  0 0 0 0 0  0  0 0 0 0 0 0
d 11 12 7 5 7 9 11 12 9 7 5 2 0
a
E

Part 5
e
b
g 9 14 12 7 9 4 7
d
a 7 12 10 5 7 2 5
E

Part 6
e
b
g 9 7 9 11 4 9 7 9 14 12 7
d
a 7 5 7  9 2 7 5 7 12 10 5
E

Part 7
e                               last harmonic
b               
g 9        14 11 9        4 7                             (7)
d   (7)            (7)                           (7)   (7)
a 7    (7) 12 9  7    (7) 2 5                       (7)
E


