Bass First
Cathy
Standard

Part 1

e
b
g  4 4 4 4 4 4 1 1 1 1 1 1 4 4 4 4 4 4  13  13  13  13  13  13
d 2 2 2 2 2 2 2 2 2 2 2 2 2 2 2 2 2 2 11  11  11  11  11  11
a
E

Part 2

e
b
g 11 13 4 6 8 9
d 11 13 2 4 9 9
a
E

Part 3

e
b 0 0 0 0 0 0 0 0 0 0 0 0 0 0 0 0 0 0 0 0 0 0 0 0 0  0  0  0  0  0  0  0  0  0  0  0  0  0  0  0  0  0
g 9 9 8 8 8 9 9 8 8 8 6 6 6 6 6 4 4 4 4 4 9 9 8 8 8 13 13 11 11 11 13 13 13 13 13 13 11 11 11 11 11 11
d
a
E

Part 4
e
b
g 6 6 6 6 6 6 1 4 4 4 9 9 8 8
d 4 4 4 6 6 6 2 6 6 6 9 9 9 9
a
E

Part 5
                              last part
e
b
g 13 11 16 9 9 9                       13 11 16 9 9 9 9 
d 11  9 14 7 6 9                       11  9 14 7 6 9 7
a
E
 
Part 6

e
b
g 4 4 4 9 9 9
d 6 6 6 9 9 9
a
E
