Capo 1

Part 1
e                                         last time             strumming
b
g 0 0 0 0  0 0 0 0 6 8 10 8 13 10 8 6         0 0 0 0 0 0 0 0            0  0 0  0
d 6 8 6 8 10 8 6 3                           6 6 6 6 8 8 6 6             8 10 13 18
a
E

Part 2
e                last chords
b
g 8 8 6 6                    10  6
d 8 6 3 6                     8  6
a
E

Part 3
e
b
g  0 0 0 0 0 0 0 00 0   0 0     0     0     0   0
d 6 6 8 8 6 6 3 3 6 6/8 8 8/10 10/11 11\10 10\8 0
a
E

Part 4
e
b
g 0 0 0 0 0 0 0 0 0 0 0 0 0 0 0 0 0 0 0 0 0 0 0 0 0 0 0 0 0 0 0 0 0 0 0 0 0 0 0 0 0 0 0 0 0 0 0 0 0 0 0 
d 6 6 6 6 6 6 6 6 8 8 8 8 6 6 6 0 3 3 3 3 3 3 3 3 6 6 6 6 8 8 8 8 6 6 6 0 3 3 3 3 3 3 3 3 6 6 6 6 8 8 0
a
E

e
b
g 0 0 0 0 0 0 0 0 0 0 0 0 0 0 0 0 0 0 0 0 0 0 0 0  0  0  0  0  0  0  0  0
d 3 3 3 3 3 3 3 3 3 3 3 3 3 3 3 3 8 8 8 8 8 8 8 8 10 10 10 10 11 11 11 11 
a
E

Part 5
e
b
g 0  0        0  0     0    0
d 8 11/13/15 11 11p10 11p10 8h11
a
E

Part 2

