Everything is Connected- Cathy Tabs

Capo 5

e
b
g
d 10/12 14 14\12 10 10/12 14 14\12 10
a
E

e
b
g   0  0  0  0  0  0  0  0  0  0  0  0  0  0  0  0  0  0  0  0  0  0  0  0
d 10 12 14 10 12 14 10 12 14 14 12 10 10 12 14 10 12 14 10 12 14 17 17 17 
a
E

dist
e
b 12  12  13  13  15  15  17  17  12  12  13  13  15 15 15 20 20 20
g   0   0   0   0   0   0   0   0   0   0   0   0   0  0  0  0  0  0
d    0   0   0   0   0   0   0   0   0   0   0   0
a 
E

e
b       0          0          0          0
g   12     12  12     12  12     12  12     12
d 10  10 10  12  12 12  14  14 14  15  15 15
a
E

e
b       13          13          13       13
g   12      12  12      12  12      12 0    0
d 14  14  14  12  12  12  14  14  14  0 0  0
a
E

dist part

e
b 12 13 15 17 12
g
d 9  10 12 14  9
a
E