What Had Taken Years- Cathy

Capo 2

e
b   0  0   0    0
g  0  0   0    0
d 7  9  11   14
a
E

dist

e
b
g   11 14 0
d 0 0  14 4
a 0 9  0  4
E 7

e                     
b                                                                                                                   last time:
g  0  0  0 0 0 0 0 0 0 0 0 0  0  0  0  0  0  0 0 0 0 0 0 0  0  0  0 0 0 0 0 0 0 0 0 0  0  0  0  0  0  0 0 0 0 0 0 0            14
d 11 11 11 9 9 9 7 7 7 7 7 7 11 11 11 14 14 14 9 9 9 7 7 7 11 11 11 9 9 9 7 7 7 7 7 7 11 11 11 14 14 14 7 7 7 7 7 7            14
a
E

e
b
g  0   0   0  9 7 6 0   0   0   0   0   0   0  9 7 6  0    0     0     0   
d 4 4 6 6 7 7      4 4 6 6 7 7 0 0 4 4 6 6 7 7       4 4 14 14 11 11 11 11
a
E


dist

e
b
g      14
d 11h12
a
E

e                        last time:
b   14    14   12    0              14
g     14    14   14   14            14
d 12    12    0    14               12
a
E
