Same song but distorted
Cathy
Capo 1

Part 1
e
b                                                                          0
g 12 12 12 12    15p12 12p0 0 0 0  0  0  0 12 12 12      15p12 12p0 0      8/10/12
d 13 13 13 15p13       13p0 8 8 8 10 10 10 13 13 13 15p13      13p0 8/10p0
a
E

Part 2
e
b
g 12 15  8 8 10 0 0 0 0 12 15  8 8 10 0 0 0 0 8 8 10 10 8 8 12 12 15 15 12 12 8 8 10 10 8 8 12 12 15 15 12 12 8 8 10 10
d 13 15 10 8 10 0 0 0 0 13 15 10 8 10 0 0 0 0 8 8 10 10 8 8 13 13 15 15 13 13 8 8 10 10 8 8 13 13 15 15 13 13 8 8 10 10
a
E

Part 3
e
b
g 8  8 8 3  3 3 5  5 5 5  5 5 8  8 8 3  3 3 5  5 5 0  0 0
d 8 8 8  3 3 3  5 5 5  5 5 5  8 8 8  3 3 3  5 5 5  0 0 0
a
E

Part 4
e
b
g 8 8 8 8 8 8 10 10 10 10 10 10 12   12  12 12   12  12 12   12  12 12   12  12 8 8 8 8 8 8 10 10 10 10 10 10 12 12 12 12 15 15 12 12 12 12 15 15
d 8 8 8 8 8 8 10 10 10 10 10 10 13 13  13   15 15  15   13 13  13   15 15  15   8 8 8 8 8 8 10 10 10 10 10 10 13 15 15 13 13 13 13 15 15 13 13 13
a
E

