How to Make Love Stay
Capo: 2

e
b
g      0  0  0  0  0  0  0  0                                        0  0  0  0  0  0  0  0                                               0  0  0  0  0  0  0  0
d   6  6  7  7  6  6  7  7  9  11  11  9  9  14  14  6  7  7  7  6  7  7  7  9  11  11  9  9  14  14  12  6  6  7  7  6  6  7  7
a
E

e
b
g                                                   0  0  0   0  0  0  0   0                                           0  0  0    0  0  0  0    0
d   9  11  11  9  9  14  14  12  6  7  9  11  6  7  9  11  9  11  11  9  9  14  14  6  7  9  11  6  7  9  11  9  11  11  9  9  14  14  12
a
E

e
b
g        0   0    0  0    0  0    0    0    0   0  0  0    0    0    0  0   0   0    0    0    0  0  0  0
d   14  12  11 9  11  7  14  12  11  9  7  6  14  12  11 9  11  7  14  12  11  9  7  6
a
E
             x4

e
b
g      0  0  0   0  0  0  0   0                                           0  0  0    0  0  0  0    0
d   6  7  9  11  6  7  9  11  9  11  11  9  9  14  14  6  7  9  11  6  7  9  11  9  11  11  9  9  14  14  12
a
E
x2

e
b
g     0         0        0         0          0         0      0      0
d   9  9  11  11  7  7  14  14  11  11  9  9  7  7  6  6
a
E
             X7
