The Next Step to Regaining CONTROL
Cathy Tabs

standard

part 1
e
b            7
g  7 7 7 7 7   7 7 7 7 7 7 7 7 7 7
d 9 9 9 9 7 7 7 7 5 5 5 5 0 0 0 0 
a
E

e
b 10  10  10  10  10 10 10 10 8 7       10  7  7  7
g   7   7   7   7   0  0  0  0 0 0      7   7  5  0
d    7   7   7   7                      7   7    
a
E

e
b 14 14 14 10 10 7/10 14 14 14 10 10 7/10 7\3 14 14 14 10 10 7/10 14 14 14 10\3
g
d
a
E

part 1

e
b
g   0  0  0  0  0  0  0  0  0  0  0  0  0  0  0  0  0  0  0  0  0  0  0  0 
d 12 12 12 12 12 12 16 16 16 16 16 16 19 19 19 19 19 19 19 19 19 19 19 19 
a
E

e
b
g   0  11 0 14 14 14
d 12 12  0 0  0  0 
a
E

part 1







+