Song 6
Cathy
Capo 4

e
b
g
d 9 11 13 9 11 13   0     0     0
a                 11 11 13 13 14 14
E

e
b
g  0 0 0 0 0 0  0  0  0  0  0  0 0 0 0 0 0 0  0  0  0  0  0  0 0 0 0 0 0 0  0  0  0  0  0  0 0 0 0 0 0 0 0 0 0 0 0 0
d  6 6 6 6 6 6 16 16 16 11 11 11 9 9 9 9 9 9 13 13 13 11 11 11 6 6 6 6 6 6 16 16 16 11 11 11 9 9 9 9 9 9 6 6 6 0 0 0
a
E

e
b
g 0     0     0     0        0     0     0   0
d 9/11 11/13 13/16 16\14\13 11/13 13\11 11\9 9
a
E

e
b
g  0  0  0  0  0  0  0  0  0  0  0  0 0 0 0 0 0 0  0  0  0 0 0 0 
d 11 11 11 16 14 13 11 11 11 16 14 13 9 9 9 9 9 9 11 11 11 9 9 9
a
E

e
b
g
d   0  0  0  0  0  0  0  0  0  0  0  0 0 0 0 0 0 0 0 0 0 0 0 0
a 18 18 18 16 14 16 13 13 13 11 11 11 9 9 9 9 9 9 6 6 6 9 9 9 
E

e
b
g  0 0 0  0  0  0  0  0  0 13p11         0 0 0  0  0  0  0  0  0  0  0  0
d 9 9 9 13 13 13 11 11 11       13p11\9 9 9 9 11 11 11 14 14 14 13 13 13 
a
E

