Cathy
Song 3
Capo 4

                                   last time
e
b                         0 0 0                                            16 16 16 16 16 16
g   0  0  0 0 0 0 0 0 0 11 9 6               0 0 0 0 0 0  0  0  0  0  0  0  0  0  0  0  0  0
d 16 13 11 8 8 8 9 9 9                       0 0 0 0 0 0 16 16 16 16 16 16 16 16 16 16 16 16
a
E

e
b
g  0  0  0  0  0  0  0  0  0  0  0  0  0  0  0  0  0  0  0  0  0 0 0 0
d 11 11 11 11 11 11 13 13 13 13 13 13 16 16 16 16 16 16 11 11 11 9 9 9 
a
E

e
b    0       0       0       0      0     0      0       0
g 20   20 18   18 16   16 13   13 6   6 8   8 11   11 11   11
d   0 0  0  0 0  0  0 0  0  0 0  0 0 0 0 0 0 0  0 0  0  0 0  0
a
E
                                                                    last time
e
b
g
d   0  0 0 0 0 0  0  0  0 0 0 0  0  0  0  0  0  0  0  0  0  0  0  0        0  0  0  0  0 0
a 16 14 6 9 9 9 11 11 11 9 9 9 16 14 21 18 18 18 16 16 16 14 14 14       21 21 21 18 18 14
E
